109 75 216 84 197 248 38 206 57 146 98 60 221 245 24 54 202 80 232 103 4 77 219 68 45 118 123 180 163 136 241 88 106 152 31 26 33 201 145 17 164 239 155 171 195 156 173 230 244 61 204 23 175 147 19 21 130 190 183 111 253 71 224 179 3 165 95 251 102 153 225 120 44 20 36 43 40 200 53 74 158 181 107 236 166 0 117 233 5 247 55 193 237 67 150 178 250 238 218 148 39 134 92 223 58 186 114 210 199 124 162 159 112 235 160 65 157 1 99 116 254 37 51 167 135 12 10 30 2 101 138 18 94 52 25 83 87 205 243 209 226 69 76 249 169 139 42 194 182 188 28 208 126 222 6 90 231 16 50 217 168 151 127 203 213 97 89 13 29 34 131 192 184 125 191 14 49 91 141 140 105 78 144 143 72 115 73 47 59 137 22 122 70 93 207 242 15 172 48 66 214 229 64 252 220 110 7 246 154 8 132 46 228 129 108 211 149 215 212 113 176 234 79 104 63 174 9 32 187 161 100 81 198 96 128 82 185 142 35 41 189 170 62 86 255 11 240 27 121 196 133 177 119 85 227 56 
95
1
51 16 180 55 13 121 160 190 165 215 235 211 12 32 41 35 134 115 205 109 192 154 214 116 144 236 114 198 126 240 81 98 77 170 200 68 176 122 252 46 56 241 40 28 44 104 9 59 237 162 2 111 90 62 206 66 224 234 213 184 250 80 178 173 153 131 189 79 95 85 163 254 238 49 99 7 222 5 135 38 123 88 148 47 25 221 142 119 253 179 151 168 78 67 39 145 21 0 246 210 175 157 94 225 19 194 11 231 217 140 251 100 216 249 193 26 209 199 188 23 228 4 185 75 161 244 149 112 220 15 197 130 29 24 37 82 230 164 101 201 71 91 245 18 233 61 212 52 152 141 8 167 181 208 171 106 60 10 159 118 183 45 107 196 255 43 127 113 143 63 203 14 124 195 219 239 147 223 172 73 48 132 105 1 72 93 31 103 54 243 34 86 202 92 110 117 204 232 177 227 207 242 84 125 50 120 138 27 87 76 69 133 22 20 137 6 128 83 65 248 129 136 218 155 158 226 36 74 17 166 139 53 150 191 186 3 89 169 97 64 247 33 187 156 146 30 182 102 42 70 229 57 174 58 108 96 
136
1
165 88 164 184 9 73 45 17 78 204 222 171 216 163 27 200 123 174 71 218 152 148 254 1 215 166 43 26 54 155 108 37 249 35 193 118 226 58 68 24 18 177 210 202 48 84 186 101 41 52 179 190 103 133 126 34 79 125 224 236 107 69 154 223 169 89 75 53 67 250 25 239 29 113 102 131 242 116 4 10 95 2 213 208 221 231 23 122 90 251 255 172 173 160 15 61 0 83 149 70 105 59 40 56 47 157 137 86 129 85 247 180 92 176 151 203 98 194 197 244 206 225 72 199 233 144 96 82 147 7 130 127 63 145 3 209 136 22 134 141 182 140 99 19 161 21 91 142 195 132 77 191 49 198 62 205 159 120 188 6 76 143 175 57 39 241 128 238 196 153 183 14 66 55 158 189 219 51 178 245 162 229 87 139 36 237 252 20 80 104 31 81 227 16 114 201 150 42 124 12 50 234 110 112 232 168 181 13 192 74 46 109 156 170 212 246 93 220 228 207 187 235 248 106 167 146 119 115 33 230 28 185 117 100 138 30 243 214 5 65 11 64 60 217 121 94 32 211 8 38 135 44 97 111 253 240 
93
-1
100 133 28 222 164 20 45 110 92 107 90 202 119 144 81 111 88 161 199 63 59 239 21 91 230 108 166 18 135 9 168 42 76 242 238 10 190 113 131 120 49 54 241 22 251 40 87 84 114 33 58 83 172 217 192 221 23 102 255 220 151 145 215 86 148 163 181 44 187 56 216 26 155 252 74 188 47 223 246 235 204 208 171 80 3 32 31 228 27 19 194 122 142 174 99 97 158 41 237 232 127 243 234 219 72 236 70 79 152 52 25 224 195 125 129 177 1 137 175 244 115 95 245 200 123 93 48 159 62 189 143 250 149 77 37 211 157 11 89 96 118 75 191 24 206 17 179 210 154 156 248 225 146 153 71 147 240 209 35 64 126 176 85 46 4 169 139 233 247 94 109 197 36 51 203 16 160 61 39 101 15 7 67 116 134 112 141 253 57 140 130 121 8 66 128 6 178 193 124 136 186 38 69 162 212 106 0 105 14 185 229 117 12 34 53 170 173 167 55 98 50 65 227 205 73 249 254 2 201 183 182 68 78 196 43 218 165 150 29 82 103 231 138 60 104 198 214 5 30 207 180 13 184 213 132 226 
81
1
37 5 6 136 249 147 217 120 183 145 106 64 192 20 26 206 78 161 193 222 182 63 194 208 32 155 39 227 167 17 33 66 43 239 67 122 96 174 59 60 8 36 101 117 51 21 126 86 175 186 68 166 65 200 196 69 187 109 158 179 138 31 0 77 243 250 140 119 2 3 27 233 75 41 108 228 16 103 107 237 85 154 12 255 128 168 123 93 92 70 56 226 139 185 204 84 164 144 113 176 169 188 242 104 246 232 9 61 121 132 198 163 177 45 118 74 124 241 38 13 152 153 111 115 253 71 143 215 29 203 30 245 231 178 235 190 240 219 52 129 220 110 133 247 199 34 191 234 180 224 214 24 53 148 112 195 80 19 42 156 125 82 150 165 1 14 105 95 50 81 98 189 213 205 57 99 4 102 47 137 15 142 159 197 28 100 116 62 238 181 134 54 73 10 87 58 44 141 251 76 254 25 151 146 149 212 49 46 131 162 94 184 55 229 114 201 135 7 221 130 22 79 236 170 218 23 88 244 83 91 211 40 209 223 157 11 216 90 127 171 207 35 202 72 252 48 160 18 173 97 89 248 230 225 172 210 
225
-1
42 71 119 24 75 189 39 95 92 17 73 45 251 40 209 149 221 93 217 130 133 246 33 195 118 22 28 255 0 173 26 146 247 234 21 147 90 226 18 182 6 1 60 166 210 204 171 187 117 129 132 199 206 200 10 11 15 248 4 219 31 151 202 124 53 12 102 163 153 88 37 101 170 78 134 237 188 125 110 196 108 179 46 74 218 137 20 68 5 52 8 66 98 81 25 23 191 48 215 197 30 172 152 61 111 216 19 36 181 96 233 14 136 87 253 115 3 55 59 112 83 43 128 79 167 212 169 114 29 86 207 127 161 214 240 70 156 243 41 35 201 57 131 143 186 148 123 58 140 100 121 82 241 104 65 103 109 223 154 67 56 16 13 50 220 150 194 165 168 174 164 47 144 107 238 76 157 145 193 94 32 51 211 113 178 7 228 27 208 97 9 252 249 139 180 91 44 155 192 185 232 120 183 158 34 141 190 64 184 254 69 244 142 116 85 229 203 106 224 77 72 235 231 160 84 222 122 230 159 49 175 135 213 198 205 239 245 2 225 236 250 177 162 176 63 89 242 227 62 126 105 80 138 38 99 54 
38
1
155 243 158 241 148 27 160 132 39 238 13 166 1 10 135 8 85 108 208 50 114 232 102 126 173 35 252 33 240 20 147 16 230 106 11 89 181 170 60 222 124 63 217 119 246 25 196 74 5 226 80 15 139 116 137 172 244 218 192 6 24 17 177 171 29 184 133 64 175 104 77 51 73 176 123 221 22 121 87 206 251 110 150 92 18 212 253 159 57 215 128 179 164 113 97 188 9 209 245 112 174 66 161 91 26 67 183 149 213 72 250 49 138 223 194 191 68 44 40 239 146 31 153 190 214 151 38 163 2 14 201 118 231 216 58 100 90 0 32 156 99 41 136 120 185 56 189 78 242 42 198 54 233 69 169 59 254 70 127 107 23 141 131 7 122 34 219 142 117 79 47 168 204 98 53 101 37 255 211 86 52 75 48 83 144 227 186 28 61 95 125 30 197 145 234 224 21 203 199 111 71 19 205 130 248 82 109 249 45 143 236 182 180 202 210 193 76 178 235 55 134 247 12 81 93 103 157 105 4 129 165 115 200 96 229 154 187 94 46 225 237 228 65 152 162 36 220 84 62 167 88 195 207 3 140 43 
79
1
107 214 97 57 27 210 41 247 224 151 154 112 40 163 95 36 253 207 146 140 249 148 101 189 94 235 0 39 67 216 242 9 24 90 108 160 4 122 3 238 5 177 251 113 54 6 168 58 162 172 204 145 156 199 217 248 133 64 93 72 201 110 12 170 219 222 43 131 49 176 46 200 87 228 84 179 86 173 209 211 79 186 226 17 104 118 161 125 124 123 92 181 178 246 240 16 117 165 19 202 78 103 158 184 42 119 8 91 139 188 105 127 34 80 183 128 10 185 63 215 62 11 114 121 152 23 239 56 250 159 70 225 220 169 244 26 191 85 155 73 77 129 167 193 52 89 32 218 192 51 22 135 35 243 149 213 197 144 55 25 29 100 2 83 227 143 38 109 241 232 195 82 69 130 45 48 21 81 180 196 111 71 254 150 234 61 53 147 68 106 141 137 126 221 115 1 245 31 237 233 74 132 20 18 174 236 15 164 175 102 157 203 187 182 88 120 76 136 7 208 223 231 134 255 205 194 171 13 252 66 206 142 212 75 166 47 14 28 190 59 99 33 65 229 44 153 37 98 96 116 50 198 60 230 138 30 
77
-1
53 38 170 121 21 151 142 10 56 116 111 193 136 177 109 159 152 130 19 98 67 44 247 95 226 232 26 55 126 90 85 143 107 241 106 127 92 137 40 15 163 173 25 103 243 117 120 27 229 99 122 134 176 3 5 244 224 186 14 110 133 29 228 65 223 196 164 132 153 64 62 105 54 20 249 235 60 174 42 168 112 124 198 51 0 118 28 113 253 209 230 86 187 208 246 102 205 30 180 45 138 182 220 22 237 23 147 61 148 248 35 233 91 94 47 1 115 238 188 7 140 154 172 181 239 69 71 225 24 93 218 34 63 203 131 194 77 217 212 36 214 206 80 101 195 41 199 58 207 13 17 6 167 68 82 89 240 74 88 251 32 146 158 81 213 139 222 76 39 157 219 215 254 4 128 16 211 123 255 8 166 169 48 200 149 52 190 191 83 129 201 9 11 108 119 125 242 179 100 192 155 245 145 75 216 12 234 162 236 73 78 183 66 33 250 161 72 59 70 37 171 150 185 210 204 160 189 231 165 18 144 184 178 50 202 175 97 2 49 79 31 87 227 114 43 84 46 104 197 156 135 252 96 221 57 141 
32
-1
248 155 75 78 195 182 54 0 191 17 237 221 223 46 142 187 242 37 127 236 62 212 15 114 200 159 119 42 225 249 3 68 57 6 61 238 104 101 4 213 230 126 41 115 128 150 12 27 134 201 172 22 181 131 158 216 135 102 96 8 35 11 239 98 211 28 92 163 224 233 81 48 219 69 143 148 139 177 45 215 30 190 76 179 203 121 210 120 147 110 39 235 123 255 80 209 73 55 199 18 56 59 71 217 93 196 228 130 50 21 133 112 132 107 254 67 85 74 246 173 184 97 245 157 34 47 24 25 60 113 64 90 170 72 65 118 138 188 165 202 208 38 192 103 186 77 176 44 141 9 26 7 156 32 106 253 149 111 36 234 168 10 122 29 241 240 183 164 243 100 171 206 169 14 154 125 51 1 146 91 53 109 117 194 86 244 220 222 23 198 79 40 137 16 250 19 226 94 87 218 231 89 232 20 161 99 43 88 152 162 144 140 178 252 84 70 251 229 82 160 136 5 189 227 204 52 31 95 207 66 58 151 214 167 205 124 2 13 116 180 63 49 145 129 247 193 175 174 33 83 105 153 166 185 108 197 
196
-1
