24 25 13 22 10 15 8 23 6 19 9 16 17 14 7 20 5 0 2 11 1 4 18 12 3 21 
2
-1
9 25 19 16 4 0 11 5 15 17 7 1 21 6 10 12 18 22 23 13 14 2 24 8 20 3 
14
1
10 9 7 25 11 21 13 3 17 1 8 14 5 0 6 16 15 4 22 2 19 20 12 24 23 18 
1
-1
5 20 17 1 18 14 24 8 2 19 22 4 21 15 0 9 12 25 3 23 7 16 13 10 6 11 
1
1
16 21 20 10 25 1 0 3 12 22 14 2 5 15 6 19 18 4 8 13 23 7 24 11 9 17 
4
-1
24 1 25 15 19 2 6 0 4 12 16 17 7 10 9 23 21 3 5 11 22 8 13 14 20 18 
11
1
3 16 10 0 9 23 25 20 22 2 24 13 11 21 7 19 15 4 1 14 5 18 12 6 17 8 
2
-1
1 25 0 22 20 23 19 6 24 5 15 7 4 2 11 10 3 16 13 17 18 9 12 8 14 21 
1
-1
8 2 9 18 19 17 24 3 13 1 5 6 4 0 23 16 25 12 22 20 7 11 21 14 10 15 
2
1
12 5 6 3 1 7 19 18 2 8 23 11 9 0 15 17 16 21 10 13 22 14 20 4 25 24 
17
-1
